Fac1:
  X: -2158.4596664685514
  Y: 23.11163305637576
  Z: -1300.1270574792102
  world: SuperPlano
Fac2:
  X: -2148.300000011921
  Y: 21.0
  Z: -1294.3237122938906
  world: SuperPlano
saida:
  X: -2165.002490333168
  Y: 21.0
  Z: -1292.873719930204
  world: SuperPlano
