'1':
  Parkour:
    X: 118.43356122810827
    Y: 36.0
    Z: -932.4831429058211
    World: PARKOUR
    Yam: -179.27847
    Pitch: 2.7524357
