Jump:
  Multiply: 1.5
  Up: 1.0
Bloque:
  '1':
    l1:
      x: 243.61196907694384
      y: 161.0
      z: -326.4526084406777
    l2:
      x: 242.31638714731736
      y: 161.0
      z: -325.4955819076983
  '2':
    l1:
      x: 243.66056037266978
      y: 161.0
      z: -339.44643933277405
    l2:
      x: 242.29714797919823
      y: 161.0
      z: -338.3721709344681