jails: 
  1: 
    world: copia
    x: 43.489814840053285
    y: 79.0
    z: 342.30000001192093
    yaw: -359.91077
    pitch: -47.250137
