spawns: 
  default: 
    world: world
    x: -272.48791822908754
    y: 74.0
    z: -761.5292444759638
    yaw: -179.85425
    pitch: -5.4000125
