world: world
x: 1000.5
y: 100.0
z: 999.5
yaw: 0.44750413
pitch: -0.7167485
name: mina
