world: world
x: 1000.4432090273153
y: 100.0
z: 999.5704277492096
yaw: 0.98219496
pitch: -3.0337
name: pedra
