world: world
x: 1000.4550638860068
y: 100.0
z: 1047.592631380967
yaw: -0.44360876
pitch: -2.855468
name: lapis
