world: world
x: 1000.4606700633436
y: 100.0
z: 1095.5112261585066
yaw: 0.26929423
pitch: -1.0732135
name: redstone
