world: world
x: 1000.4767950076565
y: 100.0
z: 1143.5604391663187
yaw: 0.091069624
pitch: -1.607885
name: ferro
