world: world
x: 1000.4943330385958
y: 100.0
z: 1191.5072947641925
yaw: 0.091071
pitch: -0.18209288
name: ouro
