world: world
x: 1000.48599895939
y: 100.0
z: 1239.5160433216847
yaw: -0.087152176
pitch: -1.251441
name: esmeralda
