world: world
x: 1000.4667382019317
y: 100.0
z: 1287.5055445294904
yaw: 0.4475251
pitch: -2.4990118
name: obsidiana
