world: world
x: -49.48089196509925
y: 66.0
z: 162.54377862054707
yaw: 91.192635
pitch: 75.91468
name: ajuda
