world: world
x: -421.29491978489943
y: 194.0
z: 822.8310393666909
yaw: -358.6375
pitch: 2.0999985
name: almas
