world: Aurora
x: -539.7437632422705
y: 14.0
z: 1496.4023194486176
yaw: 91.350945
pitch: -3.000023
name: arena41
