world: SuperPlano
x: -2189.5535051454444
y: 36.0
z: -1240.5306614831447
yaw: -342.94315
pitch: -0.45002177
name: arena
