world: SPAWN
x: 247.80250776499437
y: 7.0
z: -218.86501823887838
yaw: -205.75537
pitch: 39.599735
name: arena2
