world: Aurora
x: -538.6521618785439
y: 14.0
z: 1496.5534901864955
yaw: 90.750984
pitch: 13.799998
name: arena4
