world: SPAWN
x: -511.50868830734
y: 14.0
z: 2457.2847329263845
yaw: -179.76518
pitch: 2.6179044
name: Camarote
