world: cidade
x: 0.4145831881972634
y: 17.0
z: -4.974151961505413E-4
yaw: 1.2814999E-7
pitch: 2.4000025
name: cidade
