world: world
x: 467.4001014511732
y: 71.0
z: -120.54751529770576
yaw: -179.32964
pitch: 90.0
name: Comida
