world: world
x: 928.7358879260963
y: 35.0
z: -99.69254232849926
yaw: -359.03497
pitch: 8.099985
name: construtor
