world: craft
x: 39.10204963698435
y: 63.0
z: 244.83067934155852
yaw: -2.2861328
pitch: 13.200047
name: craft
