world: spawn
x: -245.89903163163896
y: 4.0
z: -518.5690464873213
yaw: -357.25046
pitch: -6.0000005
name: dica
