world: world
x: 726.7464955533537
y: 62.0
z: -3065.5277279509714
yaw: -269.45844
pitch: 4.949999
name: Drop
