world: world
x: 537.5520534760428
y: 71.0
z: -72.3854537171821
yaw: 2.320549
pitch: 90.0
name: Encantar
