world: fspawn
x: 289.65032353046195
y: 4.0
z: -475.62487551828326
yaw: 0.60546875
pitch: -5.5498123
name: espacovipvip
