world: world
x: 973.0737492660655
y: 94.58855433814867
z: 523.8115223358911
yaw: 191.41235
pitch: 70.05474
name: evento
