world: world
x: 889.4761888767747
y: 22.0
z: -485.00308892835164
yaw: 85.563644
pitch: 10.824677
name: fazenda
