world: world
x: 516.6698294992341
y: 43.0
z: -2882.453924268144
yaw: -358.005
pitch: 78.15
name: formulario
