world: world
x: 1382.0961956282108
y: 49.9789416464384
z: -520.498990040971
yaw: 3.21292
pitch: 90.0
name: fps
