world: spawn
x: 321.27722319375846
y: 7.0
z: -2.893686234125009
yaw: -177.59424
pitch: 2.849982
name: ICE
