world: world
x: 25.510926891127838
y: 66.0
z: 92.76246921910543
yaw: 180.84381
pitch: 14.742152
name: ideia
