world: spawn
x: -1049.7802308268251
y: 21.0
z: -970.1755456657929
yaw: -195.75092
pitch: 90.0
name: jail
