world: craft2
x: -963.8570420480256
y: 8.497714781770032
z: -1082.2555449753736
yaw: 105.300934
pitch: 21.899925
name: list
