world: world
x: -8.453937025049271
y: 70.0
z: 155.6126845204771
yaw: 179.65765
pitch: 2.1425996
name: Livre
