world: SPAWN
x: 589.4248384881842
y: 7.0
z: -526.3026965335517
yaw: -266.95947
pitch: 10.134281
name: lobby
