world: world
x: 1091.6651239933842
y: 25.0
z: -544.5124956873541
yaw: -177.17249
pitch: 20.05237
name: lojagods
