world: lojavip
x: 702.6600114926474
y: 4.0
z: 656.1468368152124
yaw: 185.70038
pitch: 10.65017
name: lojavipvip
