world: world
x: 975.3301097688119
y: 14.0
z: -543.3857629104645
yaw: 274.41553
pitch: 47.552063
name: lojavip
