world: world
x: 470.8598729092362
y: 26.0
z: 241.07078259134087
yaw: 269.27612
pitch: 54.666946
name: lojagod
