world: world
x: 57.46123389739429
y: 17.0
z: -120.53511404223114
yaw: 178.75995
pitch: -0.9312191
name: lojahelper
