world: world
x: -256.34800786830783
y: 65.0
z: -764.6108541782842
yaw: 179.69594
pitch: 1.9500012
name: Loja
