world: craft2
x: -1060.46848266863
y: 11.0
z: -1114.0948296284016
yaw: 263.9453
pitch: 21.900002
name: m3
