world: SPAWN
x: -218.69999998807907
y: 4.0
z: -905.4641562488297
yaw: 90.440575
pitch: -5.528696
name: Madeira
