world: world
x: 1074.5830169370438
y: 137.0
z: 2179.5808732350974
yaw: 176.95158
pitch: -5.432121
name: minayt
