world: world
x: 1735.7927652480437
y: 111.0
z: -2000.300000011921
yaw: -177.8605
pitch: -5.008744
name: minavipesmeralda
