world: craft2
x: -808.0161355210641
y: 7.0
z: -1170.8462808328102
yaw: 89.251015
pitch: -9.750007
name: minavip
