world: spawn
x: -934.3855975602266
y: 10.0
z: -1192.4287858046243
yaw: 0.5999686
pitch: -1.0499954
name: Minapc
