world: world
x: 260.51014284373395
y: 65.0
z: -828.979538463478
yaw: -0.00844547
pitch: -0.15049791
name: MinaLog
