world: world
x: 1023.5625664421308
y: 4.0
z: 1469.4009322192546
yaw: -356.83032
pitch: -2.1600227
name: mina
