world: world
x: 1004.5483576808998
y: 19.0
z: -490.3325074948106
yaw: -2.937317
pitch: 3.004285
name: minapvp
