world: world
x: 1518.300000011921
y: 32.0
z: -1191.699999988079
yaw: -46.63819
pitch: 34.906155
name: minahelper
