world: world
x: 310.9486098587543
y: 4.0
z: 1364.1641247986106
yaw: 266.51797
pitch: 4.3235354
name: mob
