world: world
x: 1084.6872335493126
y: 5.0
z: 1426.0453443098647
yaw: 94.841
pitch: 1.263439
name: mobs
