world: craft2
x: -793.4718350317214
y: 7.0
z: -1050.5023939186237
yaw: 86.17097
pitch: 4.540354
name: mundovip
