world: spawn
x: 375.43623876576595
y: 19.0
z: 30.78954416502031
yaw: 357.9008
pitch: -0.45001802
name: Nether
