world: FactionSpawn
x: -389.8544217182191
y: 80.0
z: 172.80912344156042
yaw: -279.4316
pitch: 20.55387
name: parkuor
