world: world
x: 369.82753038437204
y: 75.0
z: -2752.4708602849287
yaw: 90.151955
pitch: 1.8148865
name: Parkour
