world: spawn
x: -953.6999999880791
y: 21.0
z: -1068.547548553483
yaw: -90.000824
pitch: 33.750008
name: pegapega
