world: world
x: 1147.1863776373984
y: 4.0
z: 1486.4864863875546
yaw: 270.56284
pitch: -1.3500429
name: piramide
