world: plotworld
x: -399.30386590363736
y: 65.0
z: -281.7769902599588
yaw: -1.228802
pitch: -1.8432022
name: plot
