world: plotworld
x: -38.5
y: 65.0
z: -39.5
yaw: 183.45003
pitch: 4.499999
name: plotme
