world: world
x: 891.6985808829215
y: 68.0
z: -833.3056561230484
yaw: -84.333984
pitch: 84.565544
name: portais
