world: world
x: 6310.840810332553
y: 4.0
z: 3767.0899826171135
yaw: 148.31543
pitch: -2.216489
name: region
