world: lojavip
x: 702.6474189561266
y: 4.0
z: 656.5127418377972
yaw: 180.30042
pitch: -5.8498373
name: remove
