world: FactionSpawn
x: -379.4397117398963
y: 20.0
z: 214.53443198115272
yaw: 271.1245
pitch: 3.596885
name: shop
