world: spawn
x: -841.5087374509244
y: 11.0
z: -190.486057993749
yaw: 179.8584
pitch: -2.5500185
name: SkyWars
