world: spawn
x: -227.44159396411646
y: 54.0
z: 26.38092682095263
yaw: 180.55556
pitch: 8.4247265
name: Spawners
