world: world
x: 1066.5702725982912
y: 64.0
z: -1019.6256952753608
yaw: 196.40242
pitch: 80.700195
name: spawnvip
