world: world
x: 500.3359288884539
y: 74.0
z: -98.45123817911917
yaw: -92.029724
pitch: 10.050027
name: spawn
