world: hub
x: 42.09146767794772
y: 56.5
z: 102.04665391159946
yaw: 86.92413
pitch: 29.855547
name: staff
