world: world
x: -22.294992291939998
y: 67.0
z: 395.70546141280147
yaw: -92.250275
pitch: 9.150001
name: survival
