world: plotworld
x: 0.6014169423717614
y: 65.0
z: 0.4768796242064396
yaw: -182.99976
pitch: -6.149948
name: Terrenos
