world: arenaspvp
x: 261.4178596988025
y: 16.0
z: 56.53355753609204
yaw: 269.75497
pitch: 8.115631
name: teste3
