world: arenaspvp
x: 305.58378623432077
y: 4.0
z: -162.67700787136909
yaw: 141.74707
pitch: -6.7499733
name: teste
