world: world
x: 1448.9014385472508
y: 4.0
z: 1521.674508788623
yaw: -173.9283
pitch: 16.049994
name: thor
