world: world
x: 1069.9592486956142
y: 4.0
z: 1428.4942024009551
yaw: -90.015594
pitch: 7.6703806
name: tutorial
