world: craft2
x: -793.6414860556596
y: 7.0
z: -1050.5104373579495
yaw: 84.45041
pitch: 16.049988
name: vip
