world: world
x: 892.6725108754929
y: 6.0
z: 1345.300000011921
yaw: 30.58496
pitch: 21.794634
name: x1
